-0.000000000000000222044604925031308084726333618164062500000000000000000000000000000000000000
0.000000000000000555111512312578270211815834045410156250000000000000000000000000000000000000
-0.000000000000001110223024625156540423631668090820312500000000000000000000000000000000000000
0.000000000000002331468351712828734889626502990722656250000000000000000000000000000000000000
-0.000000000000004662936703425657469779253005981445312500000000000000000000000000000000000000
0.000000000000009436895709313830593600869178771972656250000000000000000000000000000000000000
-0.000000000000018873791418627661187201738357543945312500000000000000000000000000000000000000
0.000000000000037858605139717838028445839881896972656250000000000000000000000000000000000000
-0.000000000000075717210279435676056891679763793945312500000000000000000000000000000000000000
0.000000000000151545442861333867767825722694396972656250000000000000000000000000000000000000
-0.000000000000303090885722667735535651445388793945312500000000000000000000000000000000000000
0.000000000000606292793747797986725345253944396972656250000000000000000000000000000000000000
-0.000000000001212585587495595973450690507888793945312500000000000000000000000000000000000000
0.000000000002425282197293654462555423378944396972656250000000000000000000000000000000000000
-0.000000000004850564394587308925110846757888793945312500000000000000000000000000000000000000
0.000000000009701239811477080365875735878944396972656250000000000000000000000000000000000000
-0.000000000019402479622954160731751471757888793945312500000000000000000000000000000000000000
0.000000000038805070268210783979156985878944396972656250000000000000000000000000000000000000
-0.000000000077610140536421567958313971757888793945312500000000000000000000000000000000000000
0.000000000155220392095145598432281985878944396972656250000000000000000000000000000000000000
-0.000000000310440784190291196864563971757888793945312500000000000000000000000000000000000000
0.000000000620881679402884856244781985878944396972656250000000000000000000000000000000000000
-0.000000001241763358805769712489563971757888793945312500000000000000000000000000000000000000
0.000000002483526828633841887494781985878944396972656250000000000000000000000000000000000000
-0.000000004967053657267683774989563971757888793945312500000000000000000000000000000000000000
0.000000009934107425557670012494781985878944396972656250000000000000000000000000000000000000
-0.000000019868214851115340024989563971757888793945312500000000000000000000000000000000000000
0.000000039736429813252982512494781985878944396972656250000000000000000000000000000000000000
-0.000000079472859626505965024989563971757888793945312500000000000000000000000000000000000000
0.000000158945719364034232512494781985878944396972656250000000000000000000000000000000000000
-0.000000317891438728068465024989563971757888793945312500000000000000000000000000000000000000
0.000000635782877567159232512494781985878944396972656250000000000000000000000000000000000000
-0.000001271565755134318465024989563971757888793945312500000000000000000000000000000000000000
0.000002543131510379659232512494781985878944396972656250000000000000000000000000000000000000
-0.000005086263020759318465024989563971757888793945312500000000000000000000000000000000000000
0.000010172526041629659232512494781985878944396972656250000000000000000000000000000000000000
-0.000020345052083259318465024989563971757888793945312500000000000000000000000000000000000000
0.000040690104166629659232512494781985878944396972656250000000000000000000000000000000000000
-0.000081380208333259318465024989563971757888793945312500000000000000000000000000000000000000
0.000162760416666629659232512494781985878944396972656250000000000000000000000000000000000000
-0.000325520833333259318465024989563971757888793945312500000000000000000000000000000000000000
0.000651041666666629659232512494781985878944396972656250000000000000000000000000000000000000
-0.001302083333333259318465024989563971757888793945312500000000000000000000000000000000000000
0.002604166666666629659232512494781985878944396972656250000000000000000000000000000000000000
-0.005208333333333259318465024989563971757888793945312500000000000000000000000000000000000000
0.010416666666666629659232512494781985878944396972656250000000000000000000000000000000000000
-0.020833333333333259318465024989563971757888793945312500000000000000000000000000000000000000
0.041666666666666629659232512494781985878944396972656250000000000000000000000000000000000000
-0.083333333333333259318465024989563971757888793945312500000000000000000000000000000000000000
0.166666666666666629659232512494781985878944396972656250000000000000000000000000000000000000
-0.333333333333333259318465024989563971757888793945312500000000000000000000000000000000000000
0.666666666666666074547720199916511774063110351562500000000000000000000000000000000000000000
-1.333333333333329928649391149519942700862884521484375000000000000000000000000000000000000000
2.666666666666650975514585297787562012672424316406250000000000000000000000000000000000000000
-5.333333333333264647535543190315365791320800781250000000000000000000000000000000000000000000
10.666666666666380081096576759591698646545410156250000000000000000000000000000000000000000000
-21.333333333332159753581436234526336193084716796875000000000000000000000000000000000000000000
42.666666666661903661861288128420710563659667968750000000000000000000000000000000000000000000
-85.333333333314115520806808490306138992309570312500000000000000000000000000000000000000000000
170.666666666589435408241115510463714599609375000000000000000000000000000000000000000000000000
-341.333333333023745126411085948348045349121093750000000000000000000000000000000000000000000000
682.666666665426760118862148374319076538085937500000000000000000000000000000000000000000000000
-1365.333333328369917580857872962951660156250000000000000000000000000000000000000000000000000000
2730.666666646806334028951823711395263671875000000000000000000000000000000000000000000000000000
-5461.333333253877754032146185636520385742187500000000000000000000000000000000000000000000000000
10922.666666348812213982455432415008544921875000000000000000000000000000000000000000000000000000
-21845.333332061843975679948925971984863281250000000000000000000000000000000000000000000000000000
43690.666661580558866262435913085937500000000000000000000000000000000000000000000000000000000000
-87381.333312988615944050252437591552734375000000000000000000000000000000000000000000000000000000
174762.666585287166526541113853454589843750000000000000000000000000000000000000000000000000000000
-349525.333007813896983861923217773437500000000000000000000000000000000000000000000000000000000000
699050.665364586282521486282348632812500000000000000000000000000000000000000000000000000000000000
-1398101.328125006286427378654479980468750000000000000000000000000000000000000000000000000000000000
2796202.645833346527069807052612304687500000000000000000000000000000000000000000000000000000000000
-5592405.250000027008354663848876953125000000000000000000000000000000000000000000000000000000000000
11184810.333333387970924377441406250000000000000000000000000000000000000000000000000000000000000000
-22369620.000000115483999252319335937500000000000000000000000000000000000000000000000000000000000000
44739237.333333574235439300537109375000000000000000000000000000000000000000000000000000000000000000
-89478464.000000491738319396972656250000000000000000000000000000000000000000000000000000000000000000
178956885.333334326744079589843750000000000000000000000000000000000000000000000000000000000000000000
-357913600.000002086162567138671875000000000000000000000000000000000000000000000000000000000000000000
715826517.333337664604187011718750000000000000000000000000000000000000000000000000000000000000000000
-1431650304.000008821487426757812500000000000000000000000000000000000000000000000000000000000000000000
2863289685.333351135253906250000000000000000000000000000000000000000000000000000000000000000000000000
-5726535680.000037193298339843750000000000000000000000000000000000000000000000000000000000000000000000
11452896597.333410263061523437500000000000000000000000000000000000000000000000000000000000000000000000
-22905094144.000156402587890625000000000000000000000000000000000000000000000000000000000000000000000000
45807392085.333648681640625000000000000000000000000000000000000000000000000000000000000000000000000000
-91603599360.000656127929687500000000000000000000000000000000000000000000000000000000000000000000000000
183162459477.334686279296875000000000000000000000000000000000000000000000000000000000000000000000000000
-366145961984.002746582031250000000000000000000000000000000000000000000000000000000000000000000000000000
731576096085.338867187500000000000000000000000000000000000000000000000000000000000000000000000000000000
-1460288880640.010986328125000000000000000000000000000000000000000000000000000000000000000000000000000000
2909124515157.355468750000000000000000000000000000000000000000000000000000000000000000000000000000000000
-5772436045824.043945312500000000000000000000000000000000000000000000000000000000000000000000000000000000
11361620153685.419921875000000000000000000000000000000000000000000000000000000000000000000000000000000000
-21990232555520.167968750000000000000000000000000000000000000000000000000000000000000000000000000000000000
41048434103637.648437500000000000000000000000000000000000000000000000000000000000000000000000000000000000
-70368744177664.546875000000000000000000000000000000000000000000000000000000000000000000000000000000000000
93824992236886.062500000000000000000000000000000000000000000000000000000000000000000000000000000000000000
